3.696367144584655762e-01
2.256208956241607666e-01
-1.360780000686645508e-02
1.643775105476379395e-01
3.548028469085693359e-01
2.255109548568725586e-01
-7.745265960693359375e-03
1.369725465774536133e-01
3.488436341285705566e-02
2.416717112064361572e-01
-4.495452046394348145e-01
-4.253675937652587891e-01
-4.365181326866149902e-01
-5.298078060150146484e-03
-1.693866848945617676e-01
1.295035183429718018e-01
4.176225066184997559e-01
4.508996903896331787e-01
3.825201988220214844e-01
6.727077364921569824e-01
6.717807650566101074e-01
5.870608091354370117e-01
7.596403360366821289e-01
7.703479528427124023e-01
8.485653996467590332e-01
8.019102215766906738e-01
8.907258510589599609e-01
5.784405469894409180e-01
3.914394676685333252e-01
3.922828137874603271e-01
2.748824954032897949e-01
5.372179150581359863e-01
4.061685204505920410e-01
5.324169397354125977e-01
5.009198784828186035e-01
2.131316959857940674e-01
5.870290994644165039e-01
4.310812652111053467e-01
3.501048982143402100e-01
5.353710055351257324e-01
5.548720359802246094e-01
9.210803508758544922e-01
6.906219720840454102e-01
3.991921246051788330e-01
4.160710573196411133e-01
1.049495935440063477e-01
3.703005313873291016e-01
6.326196789741516113e-01
5.071060657501220703e-01
3.803017735481262207e-01
2.120862603187561035e-01
1.449694931507110596e-01
-1.948809623718261719e-02
4.236285090446472168e-01
3.838112950325012207e-02
3.338882923126220703e-01
2.712439596652984619e-01
2.381799519062042236e-01
6.784102916717529297e-01
5.853193402290344238e-01
6.661819219589233398e-01
4.959475994110107422e-02
-8.164107799530029297e-02
6.373685598373413086e-02
2.577640116214752197e-01
-6.470543146133422852e-02
-4.828584194183349609e-02
-1.883340477943420410e-01
-4.297707080841064453e-01
-2.771156430244445801e-01
-8.724051713943481445e-02
-2.198579907417297363e-01
-5.125635862350463867e-02
-3.743928670883178711e-02
4.579894542694091797e-01
-1.294348239898681641e-01
1.898019313812255859e-01
6.184226870536804199e-01
6.597723960876464844e-01
5.125705599784851074e-01
4.862976968288421631e-01
8.386046290397644043e-01
6.817763447761535645e-01
4.051142036914825439e-01
8.510508537292480469e-01
8.829938173294067383e-01
1.054354667663574219e+00
9.819321632385253906e-01
9.463205933570861816e-01
1.014925837516784668e+00
1.036219358444213867e+00
8.907022476196289062e-01
7.818202972412109375e-01
8.732753992080688477e-01
1.147371828556060791e-01
3.188195824623107910e-01
4.881711900234222412e-01
6.092788577079772949e-01
6.355453729629516602e-01
6.184841394424438477e-01
6.930788755416870117e-01
6.563206911087036133e-01
8.161725997924804688e-01
5.796975493431091309e-01
6.835760474205017090e-01
9.197683334350585938e-01
1.092187285423278809e+00
1.153293371200561523e+00
1.069814682006835938e+00
9.788101315498352051e-01
8.404281735420227051e-01
7.386772036552429199e-01
1.027630329132080078e+00
-1.249584555625915527e-01
-4.277693629264831543e-01
-4.330846667289733887e-01
-3.341940641403198242e-01
-3.171814084053039551e-01
-1.799456477165222168e-01
1.181330978870391846e-01
2.005814015865325928e-01
1.369199156761169434e-02
-2.320768833160400391e-01
1.866077184677124023e-01
1.342268288135528564e-01
1.825783848762512207e-01
4.488091170787811279e-01
5.942761898040771484e-01
6.942321658134460449e-01
3.825626969337463379e-01
8.941997289657592773e-01
1.110180139541625977e+00
1.051788806915283203e+00
9.955451488494873047e-01
1.082093000411987305e+00
1.203683614730834961e+00
8.617032170295715332e-01
7.994397282600402832e-01
1.263287663459777832e+00
6.900020837783813477e-01
9.718561172485351562e-01
-9.702756404876708984e-01
-1.277758955955505371e+00
4.531190395355224609e-01
7.564612627029418945e-01
-1.332055091857910156e+00
5.881694555282592773e-01
2.618287503719329834e-01
7.661954164505004883e-01
-2.294425964355468750e+00
-2.486607313156127930e+00
-1.508053541183471680e+00
-9.389297962188720703e-01
-2.005739688873291016e+00
-1.685777664184570312e+00
-2.502680063247680664e+00
-1.927760601043701172e+00
-1.707015752792358398e+00
-1.421308875083923340e+00
-2.476938247680664062e+00
-2.872901201248168945e+00
-1.970746755599975586e+00
-7.728023529052734375e-01
-2.380006313323974609e-01
-2.380359768867492676e-01
2.003196179866790771e-01
5.475976467132568359e-01
4.614273607730865479e-01
7.889576554298400879e-01
8.559957146644592285e-01
1.108889579772949219e+00
8.527386188507080078e-01
3.225885331630706787e-01
9.606484174728393555e-01
1.143869400024414062e+00
1.042119741439819336e+00
9.830008745193481445e-01
1.231903672218322754e+00
6.172379851341247559e-01
1.045794486999511719e+00
7.826492786407470703e-01
9.253239035606384277e-01
9.426916837692260742e-01
-1.501321792602539062e-03
6.410564184188842773e-01
8.206878304481506348e-01
8.952795267105102539e-01
2.345654666423797607e-01
6.310846805572509766e-01
5.069286227226257324e-01
6.182540655136108398e-01
1.043806314468383789e+00
8.035802841186523438e-01
4.776546061038970947e-01
6.046013236045837402e-01
2.005243897438049316e-01
6.503599882125854492e-02
2.024153470993041992e-01
-6.874425411224365234e-01
2.304383814334869385e-01
-2.800269722938537598e-01
1.586143374443054199e-01
3.165427148342132568e-01
-2.436227202415466309e-01
-5.313123464584350586e-01
-3.126972913742065430e-02
-1.877557039260864258e-01
1.665961742401123047e-02
-3.135117292404174805e-01
-1.059870600700378418e+00
-2.354992151260375977e+00
-1.077659726142883301e+00
-3.692296743392944336e-01
7.650575041770935059e-02
-8.614379167556762695e-02
2.641273736953735352e-01
3.500210046768188477e-01
4.005094170570373535e-01
4.254236817359924316e-01
3.158918917179107666e-01
6.636749505996704102e-01
8.929721713066101074e-01
-7.728284597396850586e-02
-2.447834253311157227e+00
-7.245780229568481445e-01
7.297579050064086914e-01
2.880142331123352051e-01
7.729901075363159180e-01
4.086359739303588867e-01
1.743182539939880371e-01
-1.377677917480468750e-02
-1.054670095443725586e+00
-1.809660434722900391e+00
-1.553321838378906250e+00
-8.597378730773925781e-01
-6.671078205108642578e-01
-8.015136718750000000e-01
3.804841637611389160e-02
4.239457845687866211e-02
-4.483628273010253906e-02
3.371265530586242676e-01
3.434298336505889893e-01
-5.559196472167968750e-01
-2.065156936645507812e+00
-2.196418762207031250e+00
-1.253288865089416504e+00
-9.967142343521118164e-01
-6.766654253005981445e-01
-8.601926565170288086e-01
-4.425108432769775391e-01
3.518383502960205078e-01
8.006635308265686035e-01
1.752283871173858643e-01
3.018860518932342529e-01
-1.078216314315795898e+00
-5.460721254348754883e-02
2.462978959083557129e-01
5.934950113296508789e-01
-4.800198674201965332e-01
1.599597036838531494e-01
1.688339412212371826e-01
4.096627831459045410e-01
8.041283488273620605e-01
2.541006803512573242e-01
-2.134974598884582520e-01
1.040344238281250000e+00
1.134445190429687500e+00
5.810350179672241211e-01
4.801799952983856201e-01
-4.129626154899597168e-01
4.226552248001098633e-01
-1.636030077934265137e-01
9.593665599822998047e-04
-8.828890323638916016e-02
-2.262360453605651855e-01
-7.441568374633789062e-01
-1.783648133277893066e-01
-6.158566474914550781e-01
-7.776930332183837891e-01
-9.817969799041748047e-01
-6.392496824264526367e-01
-9.148036241531372070e-01
-9.543199539184570312e-01
-1.168281555175781250e+00
-8.777990341186523438e-01
-1.122680783271789551e+00
-6.798553466796875000e-01
-1.687455177307128906e-01
1.268042027950286865e-01
-1.148116588592529297e+00
-6.666254997253417969e-01
-7.941919565200805664e-01
-7.569503784179687500e-02
6.573597192764282227e-01
5.046397447586059570e-02
2.709597945213317871e-01
1.452783644199371338e-01
8.044714927673339844e-01
7.862520217895507812e-01
8.029936552047729492e-01
3.486155867576599121e-01
6.153007149696350098e-01
7.207176089286804199e-02
-7.600421905517578125e-01
-1.588037014007568359e+00
-2.534178018569946289e+00
-1.216197609901428223e+00
-2.501264810562133789e+00
-4.172943830490112305e-01
-2.387825489044189453e+00
-1.364213824272155762e+00
-3.508110046386718750e-01
-5.545790195465087891e-01
-1.382873654365539551e-01
1.065057516098022461e-01
2.478904426097869873e-01
4.028877019882202148e-01
3.790772855281829834e-01
5.011799335479736328e-01
2.920521497726440430e-01
1.423669159412384033e-01
3.175946772098541260e-01
7.855653762817382812e-01
7.943633198738098145e-01
1.048752546310424805e+00
4.066651761531829834e-01
-2.001719474792480469e+00
-6.339066028594970703e-01
1.586450338363647461e-01
-2.190934658050537109e+00
-5.789446830749511719e-02
2.858695387840270996e-01
1.867122948169708252e-01
-1.008452177047729492e-01
-2.608500123023986816e-01
-1.822981834411621094e-01
4.007917642593383789e-02
2.600034475326538086e-01
3.532595932483673096e-01
1.832345128059387207e-01
1.766948401927947998e-01
2.699688076972961426e-02
5.926759243011474609e-01
7.547598481178283691e-01
3.257117271423339844e-01
7.394173741340637207e-01
7.826377153396606445e-01
4.161208868026733398e-01
4.677849411964416504e-01
3.492264151573181152e-01
3.199932277202606201e-01
-2.401190996170043945e-02
3.089109063148498535e-01
6.572144627571105957e-01
-8.347201347351074219e-01
-4.913575053215026855e-01
2.955335974693298340e-01
-6.656290292739868164e-01
-1.895831823348999023e-01
1.093586802482604980e+00
1.395789623260498047e+00
-4.779296517372131348e-01
2.184743881225585938e-01
7.612841129302978516e-01
2.170455753803253174e-01
9.167712926864624023e-01
7.039037942886352539e-01
4.058877825736999512e-01
-1.938045024871826172e-02
7.728722095489501953e-01
1.364677071571350098e+00
2.814414203166961670e-01
4.742977619171142578e-01
8.437084555625915527e-01
7.536408901214599609e-01
1.106441259384155273e+00
9.336969852447509766e-01
1.333661794662475586e+00
1.010246753692626953e+00
2.271787524223327637e-01
-3.323673605918884277e-01
3.244234919548034668e-01
5.520124435424804688e-01
8.124843835830688477e-01
8.605606555938720703e-01
2.195207774639129639e-01
5.426436662673950195e-01
1.042550563812255859e+00
7.270894646644592285e-01
7.981050014495849609e-01
7.437843084335327148e-01
4.218287765979766846e-01
5.921743512153625488e-01
4.839659631252288818e-01
6.890813112258911133e-01
-3.567399978637695312e-01
2.639356553554534912e-01
5.888760685920715332e-01
7.506891489028930664e-01
5.580703616142272949e-01
7.781380414962768555e-02
-9.013659954071044922e-01
-1.969697475433349609e-01
2.167667150497436523e-01
5.729132890701293945e-01
-2.925749421119689941e-01
1.179943680763244629e-01
-1.509267091751098633e-02
-1.726949214935302734e-01
-1.668902397155761719e+00
-1.220626950263977051e+00
-5.218293666839599609e-01
-3.456425666809082031e-02
2.804133296012878418e-01
1.214319467544555664e-02
-4.498019814491271973e-01
-3.317579030990600586e-01
-1.972890496253967285e-01
-2.534154057502746582e-01
-1.565274953842163086e+00
-5.258243083953857422e-01
1.670723855495452881e-01
1.194302439689636230e-01
-1.255186796188354492e+00
-1.187167763710021973e+00
-1.320647478103637695e+00
-9.204646348953247070e-01
-8.103379011154174805e-01
-1.088032126426696777e+00
-1.447801113128662109e+00
-1.854736566543579102e+00
-2.487539291381835938e+00
-1.248769402503967285e+00
-9.283972978591918945e-01
-6.003510951995849609e-01
-1.357415318489074707e-01
-2.882381081581115723e-01
-2.322939634323120117e-01
-1.241131544113159180e+00
-7.438460588455200195e-01
-1.710059046745300293e-01
-8.449214696884155273e-01
-6.047407388687133789e-01
-5.077797174453735352e-02
7.254025340080261230e-02
5.932904481887817383e-01
2.822536230087280273e-01
-7.370918989181518555e-01
-5.322712659835815430e-02
4.947243332862854004e-01
8.073285818099975586e-01
8.209127783775329590e-01
9.394209384918212891e-01
7.155818939208984375e-01
7.844880819320678711e-01
8.153489828109741211e-01
4.826103746891021729e-01
6.148204803466796875e-01
3.683959841728210449e-01
2.768094539642333984e-01
-7.332409620285034180e-01
-1.087830066680908203e+00
-1.182060956954956055e+00
-1.148445606231689453e+00
-1.328456401824951172e+00
-8.765587806701660156e-01
-9.258633852005004883e-02
-9.800509214401245117e-01
-5.008609294891357422e-01
-6.141704320907592773e-01
-5.790675878524780273e-01
-2.419146060943603516e+00
-1.528517723083496094e+00
-6.403620243072509766e-01
-1.114487648010253906e-01
-4.328321814537048340e-01
-1.828742265701293945e+00
-1.326432943344116211e+00
-1.185618877410888672e+00
-2.045049190521240234e+00
-2.034194469451904297e+00
-1.409959197044372559e+00
-2.326983213424682617e+00
-2.368570327758789062e+00
-1.283046960830688477e+00
-1.543464064598083496e-01
2.142522633075714111e-01
8.524164557456970215e-02
-3.039447665214538574e-01
2.640261054039001465e-01
-2.712597846984863281e-01
-2.142524719238281250e-02
5.638413429260253906e-01
6.089433431625366211e-01
4.098783135414123535e-01
7.063367366790771484e-01
4.236733317375183105e-01
5.265721082687377930e-01
4.692363440990447998e-01
4.010955691337585449e-01
5.585953593254089355e-01
1.032673418521881104e-01
-1.266223430633544922e+00
-9.644672870635986328e-01
-5.735144615173339844e-01
5.183982849121093750e-02
4.439479112625122070e-02
-9.393707513809204102e-01
-5.033857822418212891e-01
3.352345228195190430e-01
-2.340626716613769531e-01
5.040460228919982910e-01
8.419959545135498047e-01
-3.182041049003601074e-01
7.779150009155273438e-01
9.491930603981018066e-01
1.169443130493164062e+00
1.249828577041625977e+00
1.218311309814453125e+00
1.148735761642456055e+00
9.332441091537475586e-01
9.605952501296997070e-01
5.936202406883239746e-01
-2.582277655601501465e-01
-1.305011868476867676e+00
-9.592463970184326172e-01
2.080040872097015381e-01
7.421058416366577148e-01
-1.676100492477416992e+00
-6.319020986557006836e-01
-3.350084424018859863e-01
7.286080718040466309e-02
4.259524643421173096e-01
4.621471166610717773e-01
-1.674078464508056641e+00
-2.370483636856079102e+00
-4.001798629760742188e-01
-1.563040256500244141e+00
-1.001899242401123047e+00
-1.969257831573486328e+00
-2.673956632614135742e+00
-1.031554698944091797e+00
-4.889321923255920410e-01
-7.841743230819702148e-01
-2.143294215202331543e-01
4.935210943222045898e-01
4.915717542171478271e-01
-1.371343135833740234e-01
4.829588830471038818e-01
6.416395306587219238e-01
-1.016666054725646973e+00
-5.530438423156738281e-01
-1.155914664268493652e-01
-3.543703556060791016e-01
-5.238273143768310547e-01
-2.243635892868041992e+00
-2.402726650238037109e+00
-1.709795713424682617e+00
-8.895179033279418945e-01
-7.625590562820434570e-01
-3.252366185188293457e-01
-2.448979616165161133e-01
-2.283288717269897461e+00
-1.499190807342529297e+00
-3.185284137725830078e-01
-4.611587524414062500e-02
2.283325791358947754e-01
3.385989964008331299e-01
-1.806787848472595215e-01
-8.258424997329711914e-01
-6.499509811401367188e-01
3.191713094711303711e-01
5.332045555114746094e-01
2.577837705612182617e-01
4.280155301094055176e-01
-3.897278308868408203e-01
1.430095136165618896e-01
6.924223899841308594e-02
1.145872473716735840e-01
2.726987004280090332e-02
-4.166893959045410156e-01
-1.526493072509765625e+00
-2.006103992462158203e+00
-2.157747983932495117e+00
-2.202049732208251953e+00
-1.398685812950134277e+00
-7.895435094833374023e-01
-1.607318162918090820e+00
-1.997031450271606445e+00
-1.316864371299743652e+00
-1.970737218856811523e+00
-1.993400573730468750e+00
-1.854284048080444336e+00
-2.282311201095581055e+00
-1.677197694778442383e+00
-1.645961403846740723e-01
-1.007148623466491699e+00
-4.616667032241821289e-01
-3.774237632751464844e-01
-7.716757059097290039e-01
3.082440495491027832e-01
7.824921607971191406e-02
3.454695940017700195e-01
9.750947356224060059e-01
1.015890598297119141e+00
4.628094732761383057e-01
-1.636111140251159668e-01
-1.145288944244384766e+00
-4.815610051155090332e-01
2.072554826736450195e-02
1.939310133457183838e-01
6.531026959419250488e-02
-4.401551485061645508e-01
-1.287081718444824219e+00
-1.895870447158813477e+00
-8.059303760528564453e-01
-6.628501415252685547e-01
-1.042378425598144531e+00
-9.657664299011230469e-01
-1.629970073699951172e+00
-2.311453104019165039e+00
-2.684403419494628906e+00
-1.624979496002197266e+00
-7.365411520004272461e-01
-6.776117086410522461e-01
-1.874259471893310547e+00
-1.286386728286743164e+00
-1.968234539031982422e+00
-1.910778760910034180e+00
-2.101803541183471680e+00
-1.267294168472290039e+00
-1.239092230796813965e+00
-1.889692783355712891e+00
-1.780500173568725586e+00
-2.037990808486938477e+00
-8.102128505706787109e-01
-1.805998682975769043e-01
3.575473725795745850e-01
3.068037033081054688e-01
1.751060187816619873e-01
2.600380182266235352e-01
2.424891591072082520e-01
4.930281639099121094e-02
3.094145655632019043e-01
-7.514785528182983398e-01
-2.820424795150756836e+00
-1.287063956260681152e+00
-5.079668760299682617e-01
-9.720569849014282227e-01
-8.694591522216796875e-01
-8.087759017944335938e-01
-3.141707181930541992e-01
-8.347886800765991211e-01
-1.118001818656921387e+00
-1.334482550621032715e+00
-1.803145408630371094e+00
-2.653648853302001953e+00
-2.564553022384643555e+00
-1.938229799270629883e+00
-9.016577005386352539e-01
-5.009549856185913086e-01
8.926829695701599121e-02
-3.993709087371826172e-01
1.565396785736083984e-02
1.524327397346496582e-01
-6.249117851257324219e-01
-1.198478341102600098e-01
-3.896991014480590820e-01
4.107663333415985107e-01
-3.908646106719970703e-02
5.826267004013061523e-01
-1.144080162048339844e-01
4.483329653739929199e-01
5.552991032600402832e-01
-4.643136262893676758e-02
3.076588511466979980e-01
4.184631109237670898e-01
5.047711133956909180e-01
-5.310059785842895508e-01
-3.233569860458374023e-02
2.272985279560089111e-01
2.955195009708404541e-01
3.981183171272277832e-01
5.368890762329101562e-01
1.830347180366516113e-01
-1.056281924247741699e-01
-2.704305052757263184e-01
-3.428893685340881348e-01
-2.153154611587524414e-01
-1.976402997970581055e-01
9.157720208168029785e-02
4.117369353771209717e-01
-2.926874160766601562e-01
-6.073775291442871094e-01
-1.989022016525268555e+00
-6.942152976989746094e-04
-4.129791855812072754e-01
-5.710363388061523438e-03
1.189820170402526855e-01
1.193940639495849609e-03
-5.700552463531494141e-01
-9.690711498260498047e-01
-8.915864229202270508e-01
-2.269123196601867676e-01
-4.562089443206787109e-01
-1.719372868537902832e-01
9.700062870979309082e-02
4.408144950866699219e-01
3.498355448246002197e-01
1.969283521175384521e-01
2.571291923522949219e-01
1.114003658294677734e-01
2.518776655197143555e-01
7.518109679222106934e-02
2.770034670829772949e-01
3.025903403759002686e-01
3.990403711795806885e-01
2.463143467903137207e-01
-3.293244242668151855e-01
1.418793797492980957e-01
3.371938765048980713e-01
1.761148869991302490e-01
1.619903743267059326e-01
-8.221518993377685547e-02
3.478639423847198486e-01
-2.485293745994567871e-01
3.848859667778015137e-02
2.263288795948028564e-01
2.215995490550994873e-01
-9.081521034240722656e-01
-5.338082313537597656e-01
-4.354621767997741699e-01
3.019079566001892090e-02
3.625875711441040039e-02
3.421288728713989258e-02
-1.263296604156494141e-01
-1.069146394729614258e-02
-1.142864227294921875e-01
-3.217470645904541016e-01
-7.162570953369140625e-01
-6.519470214843750000e-01
-1.307010173797607422e+00
-3.414841294288635254e-01
4.829659759998321533e-01
4.896485805511474609e-01
-3.580548167228698730e-01
-5.469357967376708984e-01
-1.157744526863098145e+00
-6.181044578552246094e-01
-2.110925316810607910e-01
1.438842117786407471e-01
-1.710066199302673340e-01
1.238016486167907715e-01
-5.498874187469482422e-01
-2.525794029235839844e+00
-1.719383716583251953e+00
-7.492654323577880859e-01
5.227544903755187988e-02
4.462295770645141602e-02
2.958388328552246094e-01
1.236245930194854736e-01
-3.270294666290283203e-01
-2.381756305694580078e-01
-1.120430231094360352e-02
1.574437618255615234e-01
7.084983587265014648e-02
-5.310119390487670898e-01
-1.208361506462097168e+00
-2.389301061630249023e-01
-3.581182360649108887e-01
3.924125432968139648e-02
4.047822952270507812e-02
-2.732134461402893066e-01
-1.000533103942871094e-01
-1.114332675933837891e-01
-2.249695777893066406e+00
-2.487193822860717773e+00
-1.970413208007812500e+00
-2.740785479545593262e-01
-9.787595272064208984e-02
-5.021641254425048828e-01
2.347018718719482422e-01
2.729075849056243896e-01
5.546689629554748535e-01
7.213094830513000488e-02
-3.875740766525268555e-01
-5.875761508941650391e-01
-1.188622713088989258e-01
-7.874722480773925781e-01
-2.162158012390136719e+00
-1.118192195892333984e+00
-1.526227951049804688e+00
-8.552361726760864258e-01
-2.041636466979980469e+00
-2.333730459213256836e+00
-1.968302726745605469e+00
-2.545874834060668945e+00
-2.516512632369995117e+00
-1.372387766838073730e+00
-3.660652041435241699e-01
1.189093291759490967e-01
2.200186252593994141e-03
2.312982976436614990e-01
1.891840696334838867e-01
1.019072234630584717e-01
-7.291663885116577148e-01
-7.326110601425170898e-01
-1.942862272262573242e-01
1.993611454963684082e-02
-2.251846194267272949e-01
-1.254669070243835449e+00
-9.983036518096923828e-01
-3.003314137458801270e-01
1.399103999137878418e-01
3.867501020431518555e-01
4.934599399566650391e-01
2.335927784442901611e-01
5.739657878875732422e-01
8.033646345138549805e-01
9.730080366134643555e-01
7.288532257080078125e-01
3.483897447586059570e-01
7.240470051765441895e-01
8.113811016082763672e-01
8.905777335166931152e-01
6.147480010986328125e-02
3.665720224380493164e-01
4.530405402183532715e-01
5.572149753570556641e-01
4.026516675949096680e-01
2.802799940109252930e-01
1.745812892913818359e-01
4.424612820148468018e-01
3.840441405773162842e-01
1.037395596504211426e-01
5.295575857162475586e-01
-1.911717057228088379e-01
2.111729085445404053e-01
6.854531168937683105e-02
-9.909254312515258789e-02
3.680064976215362549e-01
5.145936012268066406e-01
6.001816391944885254e-01
1.131685674190521240e-01
-4.768039584159851074e-01
-2.426067590713500977e-01
-6.260845661163330078e-01
-2.305336475372314453e+00
-2.251798868179321289e+00
-9.720615148544311523e-01
-1.377780914306640625e+00
-2.540522575378417969e+00
-2.589792013168334961e+00
-1.137098431587219238e+00
-2.964461445808410645e-01
-3.947084546089172363e-01
-6.130933761596679688e-03
2.990078330039978027e-01
1.939119100570678711e-01
1.559541523456573486e-01
-8.167197704315185547e-01
-7.878141403198242188e-01
-7.276147603988647461e-02
2.707517147064208984e-02
-2.392895221710205078e-01
-1.709492802619934082e-01
-4.600713253021240234e-01
5.890157818794250488e-02
1.075750291347503662e-01
-7.928460836410522461e-01
-2.164633750915527344e+00
-1.027755141258239746e+00
3.765662312507629395e-01
2.748373150825500488e-02
1.053050756454467773e-01
3.447929918766021729e-01
8.371411561965942383e-01
3.557210862636566162e-01
-1.130273818969726562e+00
-4.322448968887329102e-01
-1.263558268547058105e-01
-1.212706327438354492e+00
-4.357200264930725098e-01
1.456712186336517334e-01
-1.799142360687255859e-02
1.712239086627960205e-01
8.410659432411193848e-02
2.063994705677032471e-01
2.990255355834960938e-01
3.889105916023254395e-01
1.070907711982727051e-01
6.195312738418579102e-02
3.989416062831878662e-01
3.876408934593200684e-02
9.435394406318664551e-02
-2.521045207977294922e-01
-4.839724302291870117e-02
1.578484475612640381e-01
-1.590260267257690430e+00
-2.543714761734008789e+00
-2.454626321792602539e+00
-9.684662818908691406e-01
-1.289162278175354004e+00
-1.223164200782775879e-01
-1.397741436958312988e-01
1.797034442424774170e-01
-2.193492650985717773e-02
1.697081029415130615e-01
-1.419630646705627441e-01
7.628691196441650391e-02
1.115241646766662598e-02
7.864364981651306152e-02
-9.166029691696166992e-01
-3.997838497161865234e-01
-2.927155494689941406e-01
-1.227747321128845215e+00
-2.127794981002807617e+00
-7.796741724014282227e-01
-1.451354622840881348e-01
-7.692657709121704102e-01
-4.523605704307556152e-01
-1.888555765151977539e+00
-2.298629522323608398e+00
-1.070956110954284668e+00
-3.250735998153686523e-01
-3.517707586288452148e-01
-9.186792373657226562e-02
-3.611611723899841309e-01
-4.253513813018798828e-01
-1.881981492042541504e-01
-1.183385252952575684e-01
1.527931988239288330e-01
1.479352414608001709e-01
-1.190438985824584961e+00
-3.205965757369995117e-01
1.633467376232147217e-01
1.285442709922790527e-01
2.319357395172119141e-01
-1.422892212867736816e-01
-2.966485023498535156e-01
-4.454013705253601074e-01
-6.812674999237060547e-01
-4.760848879814147949e-01
-3.512235879898071289e-01
-4.088897109031677246e-01
-7.411487102508544922e-01
-1.889172792434692383e-01
-2.561160326004028320e-01
3.455705344676971436e-01
7.215760946273803711e-01
8.307034969329833984e-01
7.711483240127563477e-01
7.566432356834411621e-01
8.265044689178466797e-01
5.158821940422058105e-01
1.023631393909454346e-01
3.504893183708190918e-02
5.334118008613586426e-02
-7.086408138275146484e-01
1.355990767478942871e-01
9.263637661933898926e-02
1.661072969436645508e-01
4.719139039516448975e-01
6.122192144393920898e-01
-1.300860762596130371e+00
-1.586915969848632812e+00
-5.284410715103149414e-02
-1.106201887130737305e+00
-1.334695458412170410e+00
-7.179627418518066406e-01
-8.211416006088256836e-01
-9.065662622451782227e-01
-4.337019920349121094e-01
-1.536909341812133789e-01
-1.854935884475708008e-01
-3.788270354270935059e-01
-7.645387649536132812e-01
-4.969440102577209473e-01
-1.995731830596923828e+00
-2.395084619522094727e+00
-1.490764498710632324e+00
-4.065865874290466309e-01
1.490896940231323242e-01
-3.396886587142944336e-02
2.650461196899414062e-01
2.737059593200683594e-01
3.938567042350769043e-01
4.158448874950408936e-01
-3.192868828773498535e-01
-1.285255193710327148e+00
-2.636854052543640137e-01
4.045827984809875488e-01
2.669355273246765137e-01
1.371680498123168945e-01
-7.028089761734008789e-01
-1.893005371093750000e-01
-2.654379606246948242e-01
1.100812256336212158e-01
4.237343966960906982e-01
8.863559365272521973e-02
4.573504924774169922e-01
2.392445206642150879e-01
2.169242203235626221e-01
-8.470809459686279297e-02
-2.124157547950744629e-01
-2.585293650627136230e-01
-3.589167594909667969e-01
-4.611694812774658203e-02
9.578496217727661133e-03
4.223442077636718750e-01
1.843720376491546631e-01
4.646035432815551758e-01
9.618330001831054688e-01
1.301936388015747070e+00
8.037616610527038574e-01
1.113518238067626953e+00
1.286044239997863770e+00
-4.211912155151367188e-01
6.299547553062438965e-01
5.955005884170532227e-01
6.294485330581665039e-01
2.996282577514648438e-01
1.547787487506866455e-01
4.890541136264801025e-01
1.196286678314208984e-01
-2.506911754608154297e-01
-6.020348072052001953e-01
-1.877874135971069336e-02
-1.916011571884155273e+00
-1.390700936317443848e+00
-3.852836489677429199e-01
-4.771565198898315430e-01
2.911782860755920410e-01
4.239470362663269043e-01
5.773490071296691895e-01
-9.576252698898315430e-01
-2.213828563690185547e+00
-6.893830299377441406e-01
-1.730245590209960938e+00
-1.432572126388549805e+00
-4.529567360877990723e-01
2.593460083007812500e-01
5.312280654907226562e-01
2.951397895812988281e-01
8.374297618865966797e-02
-6.124411821365356445e-01
-6.119483709335327148e-02
2.448819577693939209e-01
3.069012165069580078e-01
2.821793556213378906e-01
4.679239988327026367e-01
7.987219691276550293e-01
2.818733453750610352e-01
-3.371495604515075684e-01
2.855444550514221191e-01
-1.173714041709899902e+00
4.791066050529479980e-02
1.326318979263305664e-01
-2.034164667129516602e-01
-6.185643672943115234e-01
3.177886009216308594e-01
3.953686952590942383e-01
1.118199527263641357e-01
-6.803804636001586914e-01
-1.389688968658447266e+00
5.601798295974731445e-01
8.782296180725097656e-01
-4.322611093521118164e-01
-5.557411909103393555e-01
1.600624918937683105e-01
5.775613188743591309e-01
7.990983724594116211e-01
5.333492755889892578e-01
-6.096858978271484375e-01
-4.536187648773193359e-01
-4.894770979881286621e-01
-3.299221396446228027e-01
-1.394016504287719727e+00
-4.789646267890930176e-01
-5.491973161697387695e-01
2.782645821571350098e-01
-5.095362663269042969e-03
-4.116493463516235352e-01
-8.053615093231201172e-01
-1.904792189598083496e-01
4.099916517734527588e-01
4.367874860763549805e-01
3.940628170967102051e-01
8.179789781570434570e-01
1.061959028244018555e+00
-5.239201784133911133e-01
3.415369689464569092e-01
-5.203897953033447266e-01
1.220325827598571777e-01
-6.118530035018920898e-01
7.029146552085876465e-01
5.041940212249755859e-01
-6.013027429580688477e-01
2.167151272296905518e-01
3.007282018661499023e-01
1.458608210086822510e-01
3.493453860282897949e-01
-5.403769016265869141e-01
7.208214402198791504e-01
1.010844707489013672e+00
1.303006708621978760e-01
-6.037211418151855469e-01
-8.591344356536865234e-01
-9.547861814498901367e-01
-5.298484563827514648e-01
-6.201843023300170898e-01
-5.910944938659667969e-02
-1.970338821411132812e-02
1.240585744380950928e-01
5.017831921577453613e-02
7.212549448013305664e-03
-5.954515933990478516e-01
1.435852348804473877e-01
1.162245273590087891e-01
-4.647364616394042969e-01
3.016850650310516357e-01
3.079381585121154785e-02
5.196671485900878906e-01
1.363547742366790771e-01
8.997497558593750000e-01
-4.205624461174011230e-01
-5.395669937133789062e-01
5.002990365028381348e-02
4.332810640335083008e-02
7.754641771316528320e-02
-6.499344110488891602e-02
-2.886419296264648438e-01
-4.967504739761352539e-02
2.767994999885559082e-01
2.442467212677001953e-01
7.504757642745971680e-01
8.185358047485351562e-01
3.842102885246276855e-01
8.012787103652954102e-01
7.289069890975952148e-01
1.152136206626892090e+00
6.899976730346679688e-01
9.115781188011169434e-01
-8.851360082626342773e-01
9.792038798332214355e-02
-7.141033411026000977e-01
-2.197400927543640137e-01
2.147963345050811768e-01
3.695182800292968750e-01
-3.713464736938476562e-02
-3.544393181800842285e-01
-1.683285236358642578e+00
-4.724633097648620605e-01
-3.355264663696289062e-03
-7.511872053146362305e-02
2.379003167152404785e-02
2.875057160854339600e-01
-3.098714351654052734e-02
-1.026439070701599121e-01
3.508728742599487305e-02
2.293183803558349609e-01
-2.614891529083251953e-01
4.379898309707641602e-01
2.426986396312713623e-01
1.221929430961608887e+00
1.080574512481689453e+00
1.068003296852111816e+00
1.012903451919555664e+00
-3.428414463996887207e-01
-5.933886766433715820e-01
-4.532929062843322754e-01
9.312003850936889648e-03
-3.560931086540222168e-01
4.161028861999511719e-01
6.616025567054748535e-01
1.022041559219360352e+00
1.186187267303466797e+00
1.120463371276855469e+00
1.101634979248046875e+00
6.328384876251220703e-01
1.032770872116088867e+00
9.771519899368286133e-01
7.234370708465576172e-01
4.417769014835357666e-01
5.227286219596862793e-01
2.433672547340393066e-01
3.497308492660522461e-01
5.981668233871459961e-01
-5.495553016662597656e-01
-2.067240476608276367e-01
2.137905955314636230e-01
-3.635575771331787109e-01
-2.659025788307189941e-01
-3.745074868202209473e-01
-1.735981702804565430e-01
-6.954904794692993164e-01
-2.223662734031677246e-01
6.163042783737182617e-02
3.802108168601989746e-01
2.325546741485595703e-01
-1.282190084457397461e-01
-1.330371499061584473e-01
1.182651817798614502e-01
-2.904605269432067871e-01
-1.240386009216308594e+00
-1.627978086471557617e+00
-7.654834985733032227e-01
-6.945145130157470703e-01
-3.257068395614624023e-01
-1.540274024009704590e-01
-3.664343357086181641e-01
-2.840892076492309570e-01
-4.667066931724548340e-01
-2.529477477073669434e-01
-4.825711250305175781e-02
1.768908798694610596e-01
4.309172630310058594e-01
9.224346280097961426e-02
-1.250039339065551758e-01
-2.652227878570556641e-02
-2.644699811935424805e-02
-1.167519092559814453e-01
-6.363942623138427734e-01
3.499211966991424561e-01
6.970390081405639648e-01
4.644222259521484375e-01
5.355891585350036621e-01
4.743232131004333496e-01
2.577961683273315430e-01
5.029292702674865723e-01
3.878701925277709961e-01
6.844493150711059570e-01
8.725411295890808105e-01
4.756023585796356201e-01
4.659297466278076172e-01
7.259328961372375488e-01
3.117708265781402588e-01
-3.929602503776550293e-01
-4.523520469665527344e-01
1.119738817214965820e-02
-5.082167387008666992e-01
-2.651867866516113281e-01
-5.596876144409179688e-05
-1.439715027809143066e+00
-1.020378828048706055e+00
-2.130810499191284180e+00
-2.173994779586791992e+00
-2.078185081481933594e+00
-2.248596906661987305e+00
-1.969443082809448242e+00
-6.473426818847656250e-01
7.673546671867370605e-02
1.691971123218536377e-01
3.154454827308654785e-01
1.864548027515411377e-01
3.215644955635070801e-01
6.534411311149597168e-01
7.173328995704650879e-01
3.689863085746765137e-01
2.885977625846862793e-01
4.069979786872863770e-01
5.701699852943420410e-02
2.612596452236175537e-01
-2.987882494926452637e-01
-2.052029371261596680e-01
2.277725338935852051e-01
3.136168718338012695e-01
2.041892409324645996e-01
-6.058619022369384766e-01
-1.233592629432678223e-01
-1.184642314910888672e-01
3.870796859264373779e-01
3.668529391288757324e-01
4.798215627670288086e-01
6.002019643783569336e-01
4.200849533081054688e-01
2.890378236770629883e-01
6.127761006355285645e-01
3.871463537216186523e-01
9.066531062126159668e-02
1.904627680778503418e-01
3.383899927139282227e-01
-6.411646604537963867e-01
-2.431470155715942383e-02
-1.125204563140869141e-01
-9.427750110626220703e-02
-5.168585777282714844e-01
-4.203710556030273438e-01
-1.968829035758972168e-01
-6.670986413955688477e-01
-2.412737607955932617e-01
-8.833627700805664062e-01
-1.470180869102478027e+00
-9.395064115524291992e-01
-1.972631692886352539e+00
-1.058853745460510254e+00
-9.262276887893676758e-01
-2.454164981842041016e+00
-2.347156763076782227e+00
-2.376862525939941406e+00
-2.787454605102539062e+00
-1.550422191619873047e+00
-6.696358919143676758e-01
1.576761901378631592e-01
-1.351458191871643066e+00
-5.137079954147338867e-01
-1.352074384689331055e+00
-1.631598711013793945e+00
-2.263531088829040527e-01
-1.854015111923217773e+00
-1.611840248107910156e+00
-7.888921499252319336e-01
1.778702139854431152e-01
-3.804242014884948730e-01
-7.438814640045166016e-01
-6.442147493362426758e-01
-1.673936367034912109e+00
-1.603592872619628906e+00
-1.125870823860168457e+00
-9.332159757614135742e-01
-7.956601381301879883e-01
-5.265337228775024414e-01
-2.228558659553527832e-01
-5.269861221313476562e-02
-2.313233613967895508e-01
7.201260328292846680e-02
5.231904983520507812e-01
5.853332877159118652e-01
4.909634590148925781e-02
-2.525597810745239258e-02
-2.132178544998168945e-01
-2.708045840263366699e-01
-1.457732915878295898e-02
-9.369194507598876953e-02
-1.802788972854614258e+00
-1.952321767807006836e+00
-8.065301179885864258e-01
-9.331917762756347656e-02
-5.467382669448852539e-01
-4.783043265342712402e-01
2.085322141647338867e-01
3.386003375053405762e-01
3.974878191947937012e-01
5.161733031272888184e-01
2.842101454734802246e-01
-8.675472736358642578e-01
-1.174197554588317871e+00
-6.541856527328491211e-01
-1.119315624237060547e-01
-9.997805356979370117e-01
-1.097390532493591309e+00
-1.061231136322021484e+00
-1.926959037780761719e+00
-2.035247325897216797e+00
-1.132897615432739258e+00
-1.167887330055236816e+00
-1.053142666816711426e+00
-1.021001815795898438e+00
-5.747830867767333984e-01
-7.165801525115966797e-02
2.212180793285369873e-01
-4.153787493705749512e-01
-6.840885877609252930e-01
-1.093166470527648926e+00
-7.571297883987426758e-01
-1.139667391777038574e+00
7.696080207824707031e-02
-8.696824312210083008e-02
-6.358362436294555664e-01
4.710966348648071289e-02
-1.070132493972778320e+00
-9.574908018112182617e-02
4.008546471595764160e-01
-9.580763578414916992e-01
-9.108338356018066406e-01
-7.145652770996093750e-01
-1.312413215637207031e-01
-7.163245677947998047e-01
-1.482144474983215332e+00
-1.072801828384399414e+00
-7.491180896759033203e-01
-7.038921117782592773e-01
-9.333457946777343750e-01
-5.269323587417602539e-01
-9.036684036254882812e-01
-1.946713447570800781e+00
-2.476922750473022461e+00
-7.043919563293457031e-01
-6.851559877395629883e-02
2.937394082546234131e-01
6.950789690017700195e-01
1.281433105468750000e-01
-1.042940616607666016e+00
-1.902285575866699219e+00
-2.185689449310302734e+00
-2.563844680786132812e+00
-8.347617387771606445e-01
-1.286873579025268555e+00
-8.387402296066284180e-01
-1.134552836418151855e+00
-1.046234846115112305e+00
-1.780375719070434570e+00
-1.177210688591003418e+00
-1.904764890670776367e+00
-1.464453220367431641e+00
1.021974980831146240e-01
3.921299576759338379e-01
8.751749992370605469e-04
-3.052994608879089355e-01
2.179484367370605469e-01
-7.107121944427490234e-01
-2.434537410736083984e-01
-2.174865007400512695e-01
-5.399135351181030273e-01
-1.146242499351501465e+00
-1.173693776130676270e+00
-2.121956825256347656e+00
-2.135511159896850586e+00
-2.453472375869750977e+00
-2.472076654434204102e+00
-1.799768924713134766e+00
-1.079491496086120605e+00
-6.139709949493408203e-01
-5.755238533020019531e-01
-9.137580394744873047e-01
-6.109038591384887695e-01
1.590932607650756836e-01
2.881260812282562256e-01
-9.276313781738281250e-01
-1.387031674385070801e+00
-1.827964067459106445e+00
-2.243012189865112305e+00
-1.100381016731262207e+00
-1.601291179656982422e+00
-2.131006717681884766e+00
-1.793331861495971680e+00
-2.103574037551879883e+00
-2.347234725952148438e+00
-2.158841133117675781e+00
-1.895537137985229492e+00
-1.564133405685424805e+00
-1.976523399353027344e+00
-2.302673101425170898e+00
-2.254938602447509766e+00
-1.264017105102539062e+00
-6.265705823898315430e-01
-4.522599577903747559e-01
-1.032995939254760742e+00
-1.687497377395629883e+00
-2.371531724929809570e-01
2.720585465431213379e-02
-5.489647388458251953e-02
7.115018367767333984e-02
-9.466952085494995117e-02
3.047954440116882324e-01
5.638797879219055176e-01
-1.228774785995483398e-01
2.793699502944946289e-01
8.322508335113525391e-01
7.177865505218505859e-01
9.801343679428100586e-01
1.162613630294799805e+00
1.228924036026000977e+00
6.843855977058410645e-01
8.458389043807983398e-01
-1.714039444923400879e-01
4.632033109664916992e-01
-3.852889537811279297e-01
5.337404012680053711e-01
-1.435147523880004883e-01
5.866590142250061035e-02
3.655052185058593750e-01
8.094305992126464844e-01
5.608661770820617676e-01
1.120842397212982178e-01
-3.564172983169555664e-02
-7.661856412887573242e-01
-2.433319091796875000e-01
4.905571639537811279e-01
1.078920066356658936e-01
3.028540015220642090e-01
2.125996351242065430e-02
4.132760763168334961e-01
6.650044322013854980e-01
5.732043981552124023e-01
5.863847732543945312e-01
6.428211927413940430e-01
6.509696841239929199e-01
6.477160453796386719e-01
2.656716704368591309e-01
6.707618832588195801e-01
6.886541843414306641e-01
6.177749633789062500e-01
-7.024749517440795898e-01
-1.211562275886535645e+00
-1.596851587295532227e+00
-6.595659255981445312e-01
-9.993695020675659180e-01
-4.193795323371887207e-01
3.245490193367004395e-01
4.274137020111083984e-01
2.729755640029907227e-01
6.056395769119262695e-01
2.868839800357818604e-01
1.090410709381103516e+00
9.671052694320678711e-01
5.779334902763366699e-01
1.128000855445861816e+00
5.814774036407470703e-01
6.598137617111206055e-01
6.874169111251831055e-01
1.319476246833801270e+00
9.235532283782958984e-01
4.850904941558837891e-01
6.839274764060974121e-01
-4.073609709739685059e-01
2.373610436916351318e-01
6.384270191192626953e-01
7.906640768051147461e-01
5.320032835006713867e-01
4.724770486354827881e-01
2.805460095405578613e-01
4.093381166458129883e-01
2.731586098670959473e-01
3.989516794681549072e-01
3.464697003364562988e-01
7.867082357406616211e-01
1.069818496704101562e+00
-2.589504122734069824e-01
7.052431106567382812e-01
-1.189856886863708496e+00
-2.931993603706359863e-01
5.061365365982055664e-01
9.710820913314819336e-01
8.301617503166198730e-01
1.065481901168823242e+00
9.249390363693237305e-01
2.387949824333190918e-02
4.682556092739105225e-01
1.138820648193359375e+00
1.240805268287658691e+00
8.634984493255615234e-01
-3.208993673324584961e-01
-8.432657718658447266e-01
-1.757795333862304688e+00
-1.759689807891845703e+00
-4.076054096221923828e-01
6.906156539916992188e-01
7.424879074096679688e-01
-6.309118270874023438e-01
-2.190963983535766602e+00
-1.256281733512878418e+00
-4.770482182502746582e-01
-4.232848286628723145e-01
-3.262615203857421875e-01
-3.074242472648620605e-01
-3.452362418174743652e-01
-1.178044676780700684e-01
6.229884624481201172e-01
3.586613535881042480e-01
6.224712133407592773e-01
4.513293802738189697e-01
3.252920508384704590e-01
6.562246680259704590e-01
4.022501409053802490e-01
5.958383679389953613e-01
9.878175854682922363e-01
9.823687076568603516e-01
9.360402822494506836e-01
1.188576221466064453e+00
1.295637607574462891e+00
1.164065480232238770e+00
4.364222288131713867e-02
9.088534116744995117e-02
4.429460167884826660e-01
-1.080199003219604492e+00
-1.195053458213806152e+00
-2.351749181747436523e+00
-2.433347463607788086e+00
-2.869328260421752930e-01
3.644137978553771973e-01
6.644338369369506836e-01
8.063663244247436523e-01
9.030212163925170898e-01
7.160606384277343750e-01
7.007231712341308594e-01
8.121557235717773438e-01
9.104508161544799805e-01
8.701170086860656738e-01
6.490496397018432617e-01
1.974075138568878174e-01
-4.769903421401977539e-02
-1.166580557823181152e+00
-1.409113049507141113e+00
-1.612278461456298828e+00
-1.919379234313964844e+00
-8.491370677947998047e-01
-8.857518434524536133e-01
-6.369326114654541016e-01
-1.789679765701293945e+00
-7.026462554931640625e-01
1.805947124958038330e-01
5.403394103050231934e-01
6.521066427230834961e-01
6.302220821380615234e-01
8.290264010429382324e-02
1.894277334213256836e-01
5.677604675292968750e-02
-2.346513867378234863e-01
2.263763844966888428e-01
4.854614734649658203e-01
5.668895244598388672e-01
6.386888027191162109e-01
2.050179243087768555e-01
-3.294949531555175781e-01
5.997564792633056641e-01
8.080216646194458008e-01
1.005484819412231445e+00
1.225387454032897949e+00
1.330766320228576660e+00
1.266211748123168945e+00
1.237742900848388672e+00
1.252125024795532227e+00
1.290122866630554199e+00
1.202909708023071289e+00
1.295522451400756836e+00
1.312000751495361328e+00
1.282577753067016602e+00
1.261452674865722656e+00
1.273976802825927734e+00
1.397555589675903320e+00
1.449487924575805664e+00
1.310033559799194336e+00
1.345034003257751465e+00
1.356346130371093750e+00
1.370569467544555664e+00
1.021168708801269531e+00
1.540077567100524902e+00
1.396126985549926758e+00
1.414177894592285156e+00
1.303666830062866211e+00
1.350969314575195312e+00
1.310459494590759277e+00
1.298942804336547852e+00
1.327907323837280273e+00
1.233692407608032227e+00
1.515144348144531250e+00
1.139550924301147461e+00
9.390158653259277344e-01
-2.150183320045471191e-01
-1.000715613365173340e+00
-1.951972484588623047e+00
-1.526666402816772461e+00
-2.194387674331665039e+00
3.083913326263427734e-01
4.445648789405822754e-01
1.065210580825805664e+00
5.391620993614196777e-01
7.173597812652587891e-01
9.616351127624511719e-01
7.880519628524780273e-01
8.398244380950927734e-01
-3.752368688583374023e-02
3.099007308483123779e-01
-1.520155668258666992e-01
2.713176608085632324e-01
5.090882778167724609e-01
-4.466245770454406738e-01
-5.119080543518066406e-01
-8.457714319229125977e-02
7.157061696052551270e-01
8.401073217391967773e-01
3.453652858734130859e-01
5.392687320709228516e-01
5.078004002571105957e-01
8.766289949417114258e-01
9.274170398712158203e-01
1.127883911132812500e+00
1.327582359313964844e+00
4.842154681682586670e-01
9.658119678497314453e-01
1.337890386581420898e+00
1.301331281661987305e+00
1.086208224296569824e+00
8.578448295593261719e-01
7.857658863067626953e-01
9.929507970809936523e-01
8.600203990936279297e-01
9.662777185440063477e-01
9.827088713645935059e-01
1.202643156051635742e+00
1.148168087005615234e+00
1.106422662734985352e+00
1.173949837684631348e+00
6.142767667770385742e-01
5.232769846916198730e-01
9.474380016326904297e-01
-1.093715071678161621e+00
-1.437525153160095215e+00
-1.130615830421447754e+00
-2.241256237030029297e-01
-9.208450317382812500e-01
2.921732068061828613e-01
4.506284594535827637e-01
2.117632627487182617e-01
7.665399909019470215e-01
8.932034969329833984e-01
9.585318565368652344e-01
1.245146036148071289e+00
1.360926628112792969e+00
1.096294522285461426e+00
6.107855439186096191e-01
4.685171246528625488e-01
-8.687732219696044922e-01
-1.789724349975585938e+00
-2.230755090713500977e+00
-1.413557529449462891e+00
1.822839677333831787e-01
-1.709063291549682617e+00
-1.789656877517700195e+00
-5.298217535018920898e-01
-3.727951049804687500e-01
-1.543951749801635742e+00
-2.151436805725097656e+00
-1.500694513320922852e+00
-6.875137090682983398e-01
-3.993572592735290527e-01
-4.276579618453979492e-02
2.740558981895446777e-02
-2.791657447814941406e-01
-4.615781903266906738e-01
-6.079179048538208008e-01
9.613525867462158203e-02
4.352893829345703125e-01
7.544127106666564941e-01
8.913865089416503906e-01
9.141420125961303711e-01
9.267939329147338867e-01
8.918890953063964844e-01
1.030271291732788086e+00
2.304004430770874023e-01
5.559235215187072754e-01
-3.300386071205139160e-01
3.034701347351074219e-01
4.927025139331817627e-01
2.326357960700988770e-01
4.640919864177703857e-01
9.957623481750488281e-01
8.444068431854248047e-01
3.041102886199951172e-01
1.074842095375061035e+00
8.527349233627319336e-01
9.441173076629638672e-01
1.298479437828063965e-01
2.740820646286010742e-01
2.470917701721191406e-01
1.615967452526092529e-01
2.142127454280853271e-01
-1.246682286262512207e+00
-1.006354331970214844e+00
-1.318343877792358398e+00
-2.365931272506713867e+00
-1.109758973121643066e+00
-6.347584724426269531e-01
-4.547768831253051758e-01
-2.028351783752441406e+00
-6.609642505645751953e-01
-1.184163212776184082e+00
-1.789600133895874023e+00
-1.107766628265380859e-01
6.876462697982788086e-02
-4.286705255508422852e-01
-2.948096394538879395e-01
-9.421721696853637695e-01
-1.017809629440307617e+00
2.199338078498840332e-01
-8.960384130477905273e-01
-1.127294301986694336e+00
-1.528631210327148438e+00
-1.355143308639526367e+00
-1.587175130844116211e+00
-4.868931770324707031e-01
-2.191531658172607422e+00
-6.415853500366210938e-01
-1.254559755325317383e+00
-1.113849520683288574e+00
1.262882649898529053e-01
9.466089606285095215e-01
1.186693072319030762e+00
1.277316331863403320e+00
1.236796140670776367e+00
8.358088731765747070e-01
-4.515363574028015137e-01
-1.126757860183715820e+00
-5.834374427795410156e-01
1.869726181030273438e-01
6.965387463569641113e-01
7.636122107505798340e-01
-1.138749241828918457e+00
-2.840732932090759277e-01
5.626523494720458984e-01
6.673234105110168457e-01
9.924876689910888672e-01
1.142394304275512695e+00
9.984593987464904785e-01
1.198726892471313477e+00
8.129736185073852539e-01
1.089768886566162109e+00
1.038458585739135742e+00
8.323479890823364258e-01
7.692054510116577148e-01
9.298728704452514648e-01
-5.197199583053588867e-01
-2.791137695312500000e-01
2.759684324264526367e-01
1.079090595245361328e+00
3.947432637214660645e-01
-6.847707033157348633e-01
-2.314001083374023438e+00
-5.319375991821289062e-01
2.422440946102142334e-01
-5.919643640518188477e-01
8.458140492439270020e-01
1.128174066543579102e+00
8.412770628929138184e-01
-1.311099529266357422e-02
-7.113265991210937500e-02
-2.260665893554687500e-01
-9.022526741027832031e-01
1.251057386398315430e-01
8.597368001937866211e-01
9.485110044479370117e-01
5.836371183395385742e-01
7.025148272514343262e-01
4.883460998535156250e-01
7.784490585327148438e-01
5.388319492340087891e-01
-5.278189182281494141e-01
-2.463154792785644531e-01
-1.203039526939392090e+00
-1.953264236450195312e+00
-1.438776850700378418e+00
-4.141037464141845703e-01
-2.144903898239135742e+00
-2.663745880126953125e-01
4.739437997341156006e-01
1.023568987846374512e+00
9.111809730529785156e-01
4.646850824356079102e-01
7.506958842277526855e-01
-2.994748353958129883e-01
7.019416689872741699e-01
8.602634072303771973e-01
4.746698141098022461e-01
-1.129071116447448730e+00
-3.059039711952209473e-01
1.008669734001159668e-01
-8.098185062408447266e-03
-2.255405902862548828e+00
-4.489831924438476562e-01
-1.542600393295288086e+00
-3.775091171264648438e-01
6.422037482261657715e-01
1.251908540725708008e+00
1.141354799270629883e+00
8.878954052925109863e-01
-1.416931509971618652e+00
-5.176178216934204102e-01
6.165801286697387695e-01
5.975019931793212891e-02
-1.717882633209228516e+00
-9.921377897262573242e-02
-2.912304401397705078e-01
-1.091472387313842773e+00
2.518514394760131836e-01
4.313812851905822754e-01
-1.480582952499389648e+00
-1.618211984634399414e+00
-2.280607700347900391e+00
-1.862208604812622070e+00
-8.359265327453613281e-01
-1.051118493080139160e+00
-4.733313918113708496e-01
-3.677939176559448242e-01
-6.311261653900146484e-01
-4.388494491577148438e-01
-4.356071352958679199e-01
-1.331102848052978516e-02
-4.381754994392395020e-01
3.059006929397583008e-01
2.432929575443267822e-01
7.184926271438598633e-01
6.073015332221984863e-01
1.977636814117431641e-01
-4.792993664741516113e-01
1.631882190704345703e-01
-5.533943176269531250e-01
-1.504106283187866211e+00
-3.150331974029541016e-01
-5.917675495147705078e-01
-4.156094789505004883e-01
-5.795520544052124023e-02
-6.726559400558471680e-01
-5.029250383377075195e-01
2.335585951805114746e-01
7.417559623718261719e-01
7.961847782135009766e-01
8.129301667213439941e-01
8.716357350349426270e-01
9.699910879135131836e-01
1.172043085098266602e-01
-1.318146586418151855e-01
1.017104089260101318e-01
-3.500517010688781738e-01
-2.835887670516967773e-01
1.941772401332855225e-01
2.606097459793090820e-01
2.522481679916381836e-01
-3.996136188507080078e-01
-8.496201038360595703e-02
-1.504865646362304688e+00
-2.390196561813354492e+00
-2.338179588317871094e+00
-2.382485628128051758e+00
-2.319119691848754883e+00
